LabVIEW Measurement	
Writer_Version	2
Reader_Version	2
Separator	Tab
Decimal_Separator	,
Multi_Headings	No
X_Columns	One
Time_Pref	Absolute
Operator	ruan.comelli
Date	2019/06/24
Time	17:26:17,8743180500581356688
***End_of_Header***	
	
Channels	1	
Samples	1	
Date	2019/06/24	
Time	17:26:17,8743180500581356688	
Y_Unit_Label	Deg C	
X_Dimension	Time	
X0	0,0000000000000000E+0	
Delta_X	0,000000	
***End_of_Header***		
X_Value	RTD Temperature	Comment
0,000000	80,313322
0,250000	80,313634
0,455000	80,312853
0,666000	80,313946
0,874000	80,314103
1,085000	80,313946
1,333000	80,315352
1,543000	80,314415
1,749000	80,313790
1,958000	80,313946
2,165000	80,314727
2,371000	80,313946
2,581000	80,314727
2,815000	80,315196
3,025000	80,313790
3,232000	80,314259
3,438000	80,315040
3,648000	80,315040
3,854000	80,315352
4,065000	80,314415
4,273000	80,313790
4,479000	80,313322
4,698000	80,314727
4,905000	80,315352
5,111000	80,315665
5,363000	80,315352
5,570000	80,316133
5,782000	80,314415
5,988000	80,313946
6,200000	80,315352
6,407000	80,315040
6,618000	80,314884
6,825000	80,314259
7,031000	80,315977
7,238000	80,315508
7,444000	80,315508
7,651000	80,315821
7,888000	80,315977
8,095000	80,315977
8,306000	80,315352
8,513000	80,316602
8,724000	80,315665
8,930000	80,315196
9,136000	80,316133
9,343000	80,316133
9,549000	80,317070
9,757000	80,316446
9,964000	80,316914
10,170000	80,316133
10,377000	80,316602
10,590000	80,315665
10,797000	80,316758
11,004000	80,316446
11,211000	80,316133
11,418000	80,316914
11,624000	80,315977
11,831000	80,316133
12,037000	80,316602
12,244000	80,317851
12,457000	80,317851
12,668000	80,317695
12,875000	80,316133
13,088000	80,317539
13,295000	80,317227
13,508000	80,317070
13,715000	80,316914
13,926000	80,317070
14,132000	80,317383
14,343000	80,318008
14,550000	80,318476
14,761000	80,318320
14,990000	80,317227
15,201000	80,316446
15,407000	80,317070
15,619000	80,317070
15,826000	80,317851
16,038000	80,317070
16,245000	80,317070
16,453000	80,316758
16,659000	80,317851
16,870000	80,317070
17,077000	80,317070
17,288000	80,317539
17,517000	80,317070
17,723000	80,317851
17,930000	80,316758
18,136000	80,316914
18,343000	80,317539
18,549000	80,316289
18,760000	80,315977
18,967000	80,316133
19,174000	80,316914
19,387000	80,316133
19,593000	80,317539
19,800000	80,316602
20,007000	80,317695
20,213000	80,316289
20,425000	80,317539
20,631000	80,316758
20,842000	80,317539
21,049000	80,317227
21,256000	80,317070
21,467000	80,317070
21,674000	80,317383
21,886000	80,316602
22,113000	80,316914
22,324000	80,315977
22,532000	80,316758
22,744000	80,316446
22,950000	80,315977
23,157000	80,317383
23,369000	80,315977
23,575000	80,316602
23,787000	80,316289
23,993000	80,316133
24,209000	80,316758
24,415000	80,315977
24,624000	80,316446
24,831000	80,316602
25,037000	80,316602
25,244000	80,316446
25,452000	80,317070
25,658000	80,316758
25,865000	80,316602
26,085000	80,315508
26,293000	80,317383
26,505000	80,315977
26,712000	80,317539
26,920000	80,315977
27,126000	80,316914
27,333000	80,316914
27,544000	80,316602
27,750000	80,316602
27,965000	80,316602
28,183000	80,316133
28,389000	80,317227
28,596000	80,316914
28,803000	80,316289
29,012000	80,316758
29,220000	80,317383
29,427000	80,317383
29,635000	80,316289
29,841000	80,317383
30,052000	80,316758
30,259000	80,316289
30,470000	80,317227
30,690000	80,316446
30,897000	80,315821
31,104000	80,317539
31,311000	80,316914
31,518000	80,317383
31,729000	80,316758
31,940000	80,316133
32,148000	80,317851
32,359000	80,317227
32,566000	80,316133
32,777000	80,317383
32,984000	80,316758
33,196000	80,317695
33,406000	80,316914
33,627000	80,316758
33,833000	80,316602
34,041000	80,317227
34,251000	80,315508
34,458000	80,317227
34,665000	80,316758
34,878000	80,317695
35,086000	80,316914
35,293000	80,318320
35,507000	80,317227
35,714000	80,316446
35,925000	80,317539
36,133000	80,317070
36,341000	80,317383
36,548000	80,317070
36,755000	80,317851
36,962000	80,317539
37,212000	80,316602
37,418000	80,318164
37,625000	80,317539
37,836000	80,317070
38,043000	80,317383
38,250000	80,318008
38,457000	80,317227
38,667000	80,316758
38,879000	80,317070
39,109000	80,316602
39,321000	80,317383
39,528000	80,318476
39,734000	80,318164
39,946000	80,316602
40,154000	80,318164
40,376000	80,317695
40,588000	80,317851
40,795000	80,318789
41,002000	80,317383
41,208000	80,317539
41,416000	80,317383
41,622000	80,317851
41,829000	80,317539
42,036000	80,318476
42,257000	80,318476
42,514000	80,316758
42,721000	80,317695
42,928000	80,319101
43,135000	80,318476
43,343000	80,318476
43,549000	80,318476
43,756000	80,319257
43,983000	80,318320
44,190000	80,318789
44,397000	80,317851
44,616000	80,319101
44,823000	80,317695
45,032000	80,318945
45,239000	80,319882
45,447000	80,318789
45,654000	80,318008
45,915000	80,318632
46,122000	80,318945
46,329000	80,319101
46,536000	80,318945
46,744000	80,318945
46,952000	80,318164
47,159000	80,318945
47,371000	80,318945
47,578000	80,318632
47,787000	80,318632
48,026000	80,318320
48,233000	80,319726
48,440000	80,318164
48,647000	80,318320
48,854000	80,316914
49,061000	80,318164
49,274000	80,318632
49,481000	80,319413
49,689000	80,319570
49,901000	80,319413
50,120000	80,317851
50,326000	80,317539
50,534000	80,318789
50,747000	80,318632
50,954000	80,319257
51,165000	80,317695
51,377000	80,318164
51,604000	80,319570
51,811000	80,318320
52,023000	80,318476
52,230000	80,317695
52,437000	80,317851
52,675000	80,317851
52,882000	80,317851
53,096000	80,318789
53,304000	80,317539
53,516000	80,318789
53,724000	80,318008
53,932000	80,318476
54,145000	80,318476
54,353000	80,317851
54,560000	80,318008
54,781000	80,319413
55,006000	80,319101
55,218000	80,319101
55,425000	80,318008
55,639000	80,318164
55,846000	80,318320
56,058000	80,318789
56,266000	80,318164
56,476000	80,318320
56,693000	80,318008
56,915000	80,317695
57,122000	80,317695
57,337000	80,318320
57,544000	80,317695
57,753000	80,317227
57,965000	80,317695
58,179000	80,317695
58,386000	80,316914
58,616000	80,318320
58,824000	80,317851
59,036000	80,317851
59,243000	80,319101
59,451000	80,318008
59,658000	80,318008
59,867000	80,318632
60,088000	80,317383
60,295000	80,318632
60,527000	80,317539
60,742000	80,318008
60,952000	80,317539
61,159000	80,317227
61,371000	80,317070
61,610000	80,318320
61,817000	80,318476
62,025000	80,317383
62,297000	80,318320
62,506000	80,318164
62,713000	80,318320
62,920000	80,318164
63,128000	80,317695
63,336000	80,318789
63,550000	80,316602
63,757000	80,317851
63,969000	80,317695
64,177000	80,316758
64,516000	80,318632
64,723000	80,317851
64,930000	80,317851
65,137000	80,317851
65,345000	80,318008
65,552000	80,318008
65,759000	80,318008
65,989000	80,318164
66,196000	80,316602
66,404000	80,317070
66,612000	80,317383
66,820000	80,318008
67,031000	80,318476
67,238000	80,317695
67,446000	80,318164
67,654000	80,317383
67,864000	80,317070
68,071000	80,316289
68,286000	80,318632
68,494000	80,317851
68,701000	80,316914
68,912000	80,317851
69,119000	80,316914
69,331000	80,318632
69,538000	80,317539
69,745000	80,318476
69,967000	80,318320
70,221000	80,317070
70,434000	80,318008
70,642000	80,317383
70,849000	80,318164
71,056000	80,318320
71,264000	80,317851
71,479000	80,316133
71,686000	80,318008
71,893000	80,317695
72,100000	80,317539
72,312000	80,316602
72,525000	80,317851
72,732000	80,318789
72,941000	80,318320
73,149000	80,318164
73,356000	80,317070
73,625000	80,316446
73,847000	80,317695
74,054000	80,317070
74,325000	80,318008
74,534000	80,316914
74,741000	80,317851
74,948000	80,316914
75,155000	80,317227
75,362000	80,318164
75,571000	80,317227
75,786000	80,317851
75,999000	80,316914
76,218000	80,317851
76,424000	80,317070
76,631000	80,318164
76,838000	80,318164
77,048000	80,317695
77,255000	80,317539
77,462000	80,316446
77,669000	80,318632
77,882000	80,317539
78,130000	80,317539
78,337000	80,318164
78,544000	80,317851
78,751000	80,317851
78,958000	80,316602
79,219000	80,318008
79,426000	80,317070
79,647000	80,318008
79,860000	80,317539
80,067000	80,318164
80,279000	80,318164
80,514000	80,317227
80,727000	80,317539
80,934000	80,317539
81,144000	80,317851
81,356000	80,317383
81,563000	80,318476
81,770000	80,318008
81,978000	80,317539
82,186000	80,317539
82,400000	80,317070
82,607000	80,317695
82,821000	80,318320
83,028000	80,317227
83,235000	80,317383
83,443000	80,318320
83,650000	80,318164
83,861000	80,316914
84,113000	80,317070
84,321000	80,318008
84,528000	80,318164
84,745000	80,318164
84,954000	80,317539
85,161000	80,317695
85,405000	80,317539
85,625000	80,317851
85,832000	80,317851
86,039000	80,318008
86,246000	80,318320
86,453000	80,317383
86,659000	80,317070
86,913000	80,316602
87,120000	80,317070
87,328000	80,317851
87,535000	80,318008
87,749000	80,317695
87,956000	80,318945
88,164000	80,317383
88,371000	80,318320
88,615000	80,318320
88,822000	80,317539
89,035000	80,317695
89,242000	80,317539
89,449000	80,317070
89,656000	80,318008
89,872000	80,318008
90,110000	80,317695
90,320000	80,317851
90,541000	80,317383
90,748000	80,316914
90,957000	80,317383
91,208000	80,317539
91,422000	80,318008
91,628000	80,318320
91,837000	80,317070
92,044000	80,317539
92,251000	80,317383
92,459000	80,317539
92,677000	80,318164
92,929000	80,317070
93,137000	80,316914
93,346000	80,316446
93,554000	80,316602
93,762000	80,317383
94,050000	80,318164
94,292000	80,317227
94,517000	80,317070
94,725000	80,318008
94,932000	80,317227
95,140000	80,316758
95,363000	80,317070
95,619000	80,317070
95,828000	80,316446
96,036000	80,316914
96,244000	80,316758
96,468000	80,316602
96,679000	80,316133
96,891000	80,316133
97,121000	80,316133
97,329000	80,317070
97,537000	80,316133
97,745000	80,317227
98,045000	80,315665
98,253000	80,316602
98,462000	80,317383
98,718000	80,317070
98,932000	80,316289
99,140000	80,317070
99,347000	80,316758
99,553000	80,316133
99,760000	80,315977
99,968000	80,315665
100,190000	80,315821
100,427000	80,316446
100,634000	80,316446
100,842000	80,315665
101,049000	80,316602
101,257000	80,315821
101,526000	80,315821
101,735000	80,315665
101,977000	80,315508
102,184000	80,314884
102,421000	80,316289
102,635000	80,315821
102,844000	80,315665
103,058000	80,315977
103,271000	80,315196
103,478000	80,316289
103,686000	80,315821
103,896000	80,316133
104,115000	80,314571
104,333000	80,315665
104,541000	80,316289
104,753000	80,316758
104,960000	80,316446
105,168000	80,314259
105,381000	80,314415
105,588000	80,314884
105,796000	80,314727
106,008000	80,315196
106,215000	80,315665
106,422000	80,315196
106,628000	80,315977
106,838000	80,316602
107,045000	80,314884
107,252000	80,315040
107,459000	80,315040
107,679000	80,315508
107,893000	80,316446
108,100000	80,316289
108,312000	80,314884
108,520000	80,314415
108,737000	80,314727
108,944000	80,315508
109,151000	80,316133
109,359000	80,315040
109,572000	80,315665
109,779000	80,314727
109,992000	80,315508
110,211000	80,315977
110,422000	80,315508
110,629000	80,315977
110,844000	80,315196
111,051000	80,315352
111,258000	80,315821
111,471000	80,315665
111,681000	80,316133
111,893000	80,315977
112,101000	80,315821
112,313000	80,315821
112,520000	80,314884
112,743000	80,315977
112,952000	80,315352
113,159000	80,315196
113,372000	80,315352
113,579000	80,315977
113,786000	80,315821
113,993000	80,316133
114,200000	80,316602
114,413000	80,316602
114,620000	80,316133
114,827000	80,316758
115,034000	80,316289
115,242000	80,315665
115,450000	80,315821
115,657000	80,315821
115,866000	80,314571
116,073000	80,315821
116,319000	80,316133
116,527000	80,317383
116,737000	80,315821
116,945000	80,315196
117,152000	80,315665
117,359000	80,315665
117,567000	80,316289
117,775000	80,315665
117,988000	80,316446
118,196000	80,316914
118,403000	80,315508
118,610000	80,316914
118,837000	80,316133
119,047000	80,316758
119,254000	80,316914
119,467000	80,316914
119,674000	80,316758
119,881000	80,317695
120,096000	80,316914
120,303000	80,316446
120,515000	80,316289
120,723000	80,316758
120,930000	80,316758
121,146000	80,317851
