LabVIEW Measurement	
Writer_Version	2
Reader_Version	2
Separator	Tab
Decimal_Separator	,
Multi_Headings	No
X_Columns	One
Time_Pref	Absolute
Operator	ruan.comelli
Date	2019/06/17
Time	15:51:16,3208959500584222276
***End_of_Header***	
	
Channels	1	
Samples	1	
Date	2019/06/17	
Time	15:51:16,3208959500584222276	
Y_Unit_Label	Deg C	
X_Dimension	Time	
X0	0,0000000000000000E+0	
Delta_X	0,000000	
***End_of_Header***		
X_Value	RTD Temperature	Comment
0,000000	29,566557
0,213979	29,565788
0,431957	29,566557
0,638936	29,566711
0,845915	29,566404
1,056894	29,566404
1,288871	29,567788
1,495850	29,566096
1,710829	29,566865
1,916808	29,565788
2,132787	29,566250
2,344765	29,566250
2,551745	29,566096
2,777722	29,566096
2,983702	29,566250
3,195680	29,566404
3,401660	29,566250
3,609639	29,566557
3,821618	29,566404
4,029597	29,565173
4,236576	29,564865
4,443556	29,566096
4,649535	29,564865
4,876512	29,565327
5,083492	29,565327
5,290471	29,564711
5,495450	29,565327
5,702430	29,564865
5,910409	29,565173
6,129387	29,565634
6,336366	29,564404
6,542346	29,565788
6,754325	29,564557
6,961304	29,565173
7,167283	29,564865
7,381262	29,564711
7,588241	29,565173
7,794221	29,564711
8,009199	29,566711
8,232177	29,564250
8,453155	29,564711
8,671133	29,565634
8,878112	29,565634
9,092091	29,565173
9,298070	29,565019
9,504049	29,563481
9,718028	29,564096
9,939006	29,563481
10,151985	29,565019
10,357964	29,564250
10,583941	29,564404
10,789921	29,564404
10,995900	29,563788
11,206879	29,564404
11,414858	29,564250
11,635836	29,564557
11,845815	29,563634
12,058794	29,564250
12,264773	29,564404
12,490751	29,564557
12,697730	29,564404
12,910709	29,564096
13,128687	29,562865
13,336666	29,564096
13,543645	29,563634
13,753625	29,563942
13,979602	29,564250
14,191581	29,563481
14,398560	29,563327
14,611539	29,564404
14,821518	29,563634
15,029497	29,563634
15,243475	29,563173
15,451455	29,563942
15,657434	29,563788
15,876412	29,563481
16,082392	29,564404
16,289371	29,564096
16,497350	29,563942
16,709329	29,563481
16,916308	29,563634
17,124287	29,563173
17,332267	29,564711
17,547245	29,563481
17,759224	29,563788
17,966203	29,564250
18,172183	29,563634
18,387161	29,563481
18,594140	29,563788
18,802120	29,562711
19,027097	29,563788
19,235076	29,562558
19,449055	29,564096
19,656034	29,563019
19,863014	29,563327
20,110989	29,563481
20,317968	29,563173
20,528947	29,562865
20,743925	29,563327
20,950905	29,563788
21,156884	29,563173
21,374862	29,563481
21,585841	29,563788
21,792821	29,563481
21,998800	29,563942
22,210779	29,564865
22,418758	29,563788
22,642735	29,563788
22,849715	29,564096
23,060694	29,563942
23,267673	29,563788
23,473652	29,563327
23,680632	29,563481
23,887611	29,564096
24,094590	29,563942
24,306569	29,564557
24,514548	29,565173
24,738526	29,565019
24,945505	29,564557
25,165483	29,564557
25,376462	29,565327
25,586441	29,564557
25,793420	29,564865
26,005399	29,565942
26,228377	29,564250
26,438356	29,564865
26,650335	29,564096
26,856314	29,564404
27,063293	29,563788
27,270273	29,564096
27,476252	29,564865
27,693230	29,563481
27,902210	29,563481
28,111189	29,563634
28,341166	29,563173
28,548145	29,562711
28,754124	29,562865
28,978102	29,562250
29,189081	29,561942
29,396060	29,563173
29,603039	29,561942
29,810019	29,562404
30,028997	29,561481
30,259974	29,561481
30,476952	29,560404
30,684931	29,562404
30,891911	29,561327
31,103889	29,560711
31,312868	29,562404
31,531846	29,561327
31,751825	29,561942
31,965803	29,560558
32,172782	29,560711
32,380762	29,561634
32,587741	29,560096
32,793720	29,561173
33,000700	29,561634
33,207679	29,561173
33,424657	29,561634
33,635636	29,561634
33,842615	29,560250
34,048595	29,559327
34,290571	29,561481
34,497550	29,560250
34,710529	29,561173
34,917508	29,561173
35,133486	29,561019
35,344465	29,561634
35,552444	29,561634
35,764423	29,561173
35,971403	29,561788
36,185381	29,561634
36,393360	29,561327
36,609339	29,562250
36,828317	29,561327
37,041295	29,561481
37,251274	29,561634
37,458254	29,562711
37,676232	29,562404
37,882211	29,561942
38,089191	29,561481
38,298170	29,563019
38,506149	29,561481
38,723127	29,562404
38,930107	29,562250
39,138086	29,562558
39,364063	29,562250
39,570043	29,561942
39,791021	29,562404
39,998000	29,562250
40,240975	29,562865
40,446955	29,563481
40,658934	29,561788
40,866913	29,562558
41,073892	29,562558
41,279872	29,562865
41,487851	29,563788
41,700830	29,563634
41,907809	29,565019
42,126787	29,564096
42,334766	29,565327
42,552744	29,565634
42,759724	29,565788
42,966703	29,565327
43,176682	29,565327
43,386661	29,566096
43,599640	29,566404
43,807619	29,566557
44,016598	29,566250
44,242575	29,567019
44,459554	29,566250
44,666533	29,567173
44,882511	29,566557
45,090490	29,567788
45,296470	29,567173
45,508449	29,567942
45,724427	29,567634
45,951404	29,568250
46,158384	29,568711
46,379362	29,567327
46,586341	29,567480
46,793320	29,568250
47,002299	29,567480
47,211278	29,568865
47,418258	29,568096
47,626237	29,566865
47,837216	29,566865
48,045195	29,568096
48,251174	29,566404
48,478152	29,567480
48,691130	29,567634
48,898110	29,567327
49,116088	29,566404
49,323067	29,566865
49,531046	29,567173
49,743025	29,566865
49,950005	29,567942
50,164983	29,567480
50,371962	29,567019
50,578942	29,567480
50,785921	29,567788
50,998900	29,567634
51,208879	29,567173
51,426857	29,569327
51,634836	29,567634
51,851814	29,567788
52,060793	29,568711
52,275772	29,567480
52,482751	29,566711
52,695730	29,567788
52,902709	29,568403
53,110688	29,568403
53,317668	29,568557
53,547645	29,567942
53,754624	29,568557
53,970602	29,568250
54,177582	29,567634
54,393560	29,567634
54,605539	29,567480
54,828517	29,567480
55,035496	29,567019
55,253474	29,568250
55,460453	29,567634
55,667433	29,567942
55,882411	29,567019
56,091390	29,567942
56,297370	29,567634
56,522347	29,567480
56,729327	29,567019
56,946305	29,567327
57,153284	29,567327
57,374262	29,566557
57,598240	29,567173
57,810218	29,566711
58,018198	29,566404
58,230176	29,565788
58,444155	29,567019
58,683131	29,566250
58,890110	29,566096
59,127087	29,564711
59,342065	29,565634
59,551044	29,564557
59,775022	29,566250
59,982001	29,565327
60,188980	29,565173
60,400959	29,564557
60,608938	29,564711
60,816918	29,565788
61,023897	29,565634
61,251874	29,564865
61,458853	29,564250
61,667833	29,565019
61,875812	29,565634
62,081791	29,564557
62,298769	29,565173
62,508748	29,565480
62,716728	29,564865
62,925707	29,566404
63,161683	29,565788
63,368662	29,565788
63,575642	29,564711
63,790620	29,565173
63,998599	29,565019
64,227577	29,566711
64,441555	29,566250
64,650534	29,566865
64,874512	29,565327
65,082491	29,565788
65,289470	29,566250
65,496450	29,565942
65,728427	29,564711
65,935406	29,566250
66,146385	29,565019
66,354364	29,564557
66,568342	29,565634
66,775322	29,565173
66,990300	29,565634
67,197280	29,564404
67,411258	29,564711
67,622237	29,564865
67,836216	29,564711
68,043195	29,566250
68,269172	29,565634
68,476152	29,565173
68,695130	29,564557
68,906109	29,565634
69,130086	29,566250
69,341065	29,566096
69,556044	29,566096
69,774022	29,566096
69,997000	29,564865
70,203979	29,566711
70,411958	29,566711
70,631936	29,565788
70,840915	29,566404
71,063893	29,566404
71,270872	29,564865
71,478851	29,565634
71,687831	29,565173
71,894810	29,566250
72,108788	29,564711
72,321767	29,565173
72,529746	29,565327
72,737726	29,565019
72,946705	29,564865
73,154684	29,565480
73,361663	29,565327
73,575642	29,564711
73,783621	29,565019
73,991600	29,565480
74,198579	29,564865
74,406559	29,564096
74,623537	29,565480
74,845515	29,566096
75,052494	29,565634
75,265473	29,565634
75,472452	29,564250
75,689430	29,565019
75,896410	29,566250
76,103389	29,564711
76,327366	29,566404
76,534346	29,565173
76,750324	29,564557
76,958303	29,564557
77,165283	29,563634
77,380261	29,563173
77,589240	29,564865
77,796220	29,564404
78,007199	29,564557
78,217177	29,564865
78,426157	29,564711
78,641135	29,564404
78,849114	29,564711
79,057093	29,564096
79,264073	29,564865
79,471052	29,565327
79,684031	29,564865
79,893010	29,565327
80,107988	29,565019
80,317967	29,566711
80,525947	29,565634
80,739925	29,564096
80,953904	29,565634
81,161883	29,565788
81,387860	29,565942
81,594840	29,565788
81,809818	29,566250
82,029796	29,566404
82,243775	29,565327
82,472752	29,567480
82,682731	29,566250
82,897709	29,567019
83,106688	29,567019
83,313668	29,566557
83,524647	29,565634
83,736626	29,567019
83,968602	29,566557
84,176581	29,566557
84,391560	29,565942
84,599539	29,566711
84,807518	29,566865
85,016497	29,567327
85,261473	29,567173
85,479451	29,567480
85,689430	29,566865
85,897409	29,566250
86,115388	29,567634
86,322367	29,567480
86,543345	29,567019
86,750324	29,567173
86,964303	29,568096
87,171282	29,567173
87,392260	29,566865
87,600239	29,567019
87,819217	29,567788
88,049194	29,566711
88,265173	29,566865
88,475152	29,567788
88,683131	29,566557
88,890110	29,567634
89,097089	29,567480
89,305069	29,567634
89,514048	29,567634
89,730026	29,567173
89,943005	29,567634
90,150984	29,567019
90,366962	29,567788
90,575941	29,567942
90,783921	29,567942
90,990900	29,567634
91,198879	29,567327
91,418857	29,568557
91,629836	29,568250
91,842815	29,567480
92,050794	29,566865
92,266772	29,567788
92,474752	29,568250
92,681731	29,567788
92,889710	29,567019
93,103689	29,567327
93,330666	29,567019
93,538645	29,567019
93,748624	29,567634
93,963603	29,567634
94,170582	29,568096
94,382561	29,568557
94,592540	29,567788
94,813518	29,567173
95,021497	29,567634
95,236475	29,568403
95,450454	29,567634
95,657433	29,567942
95,864413	29,567788
96,075391	29,567480
96,283371	29,568865
96,505348	29,569480
96,714328	29,567634
96,957303	29,568557
97,169282	29,568557
97,389260	29,569019
97,598239	29,569942
97,813218	29,569942
98,021197	29,569788
98,231176	29,569942
98,455153	29,569788
98,678131	29,570865
98,887110	29,570403
99,095089	29,570096
99,321067	29,570865
99,534046	29,570557
99,742025	29,570403
99,950004	29,570865
100,157983	29,571480
100,365962	29,569942
100,572942	29,570557
100,779921	29,569942
100,986900	29,571788
101,211878	29,570557
101,426856	29,570557
101,634835	29,570711
101,844815	29,570557
102,059793	29,571480
102,267772	29,571326
102,475751	29,571942
102,683731	29,571634
102,890710	29,570403
103,100689	29,572249
103,308668	29,571326
103,517647	29,571788
103,744625	29,573019
103,952604	29,571788
104,160583	29,571942
104,367562	29,571634
104,579541	29,571326
104,787520	29,572403
104,997499	29,572557
105,276471	29,571788
105,483451	29,571326
105,703429	29,571480
105,911408	29,572557
106,134385	29,573326
106,341365	29,570403
106,556343	29,572249
106,765322	29,571942
106,978301	29,571634
107,186280	29,571942
107,394259	29,572096
107,602239	29,571942
107,813218	29,573019
108,035195	29,573019
108,251174	29,571942
108,465152	29,571788
108,672132	29,573634
108,879111	29,572865
109,093090	29,572096
109,330066	29,572557
109,545044	29,571942
109,753024	29,571326
109,960003	29,572557
110,167982	29,571942
110,374961	29,572249
110,590940	29,571942
110,798919	29,572096
111,025896	29,570403
111,232876	29,571173
111,440855	29,570403
111,648834	29,570250
111,898809	29,570250
112,106788	29,571326
112,316767	29,571480
112,525746	29,571942
112,732726	29,571634
112,945704	29,571019
113,164682	29,571173
113,381661	29,571326
113,595639	29,572249
113,804618	29,572096
114,019597	29,572557
114,230576	29,571788
114,444554	29,571942
114,673531	29,573019
114,883511	29,571480
115,102489	29,572096
115,315467	29,572865
115,523446	29,572403
115,733426	29,572865
115,957403	29,572557
116,164382	29,572711
116,373361	29,571480
116,582341	29,573173
116,791320	29,573173
117,003298	29,573173
117,226276	29,573788
117,464252	29,572403
117,672232	29,572557
117,883211	29,573019
118,090190	29,573326
118,304168	29,573019
118,514147	29,572865
118,733126	29,573019
118,971102	29,573634
119,180081	29,572557
119,387060	29,574096
119,607038	29,573634
119,816017	29,574403
120,027996	29,573942
