LabVIEW Measurement	
Writer_Version	2
Reader_Version	2
Separator	Tab
Decimal_Separator	,
Multi_Headings	No
X_Columns	One
Time_Pref	Absolute
Operator	ruan.comelli
Date	2019/06/17
Time	11:50:26,0413311500585669846
***End_of_Header***	
	
Channels	1	
Samples	1	
Date	2019/06/17	
Time	11:50:26,0413311500585669846	
Y_Unit_Label	Deg C	
X_Dimension	Time	
X0	0,0000000000000000E+0	
Delta_X	0,000000	
***End_of_Header***		
X_Value	RTD Temperature	Comment
0,000000	14,473495
0,207979	14,475180
0,423958	14,474567
0,636936	14,475333
0,842916	14,474720
1,049895	14,473801
1,295870	14,474261
1,501850	14,473189
1,707829	14,473189
1,914808	14,473648
2,173783	14,473955
2,379762	14,473036
2,594740	14,473342
2,801720	14,472883
3,007699	14,473495
3,223678	14,472117
3,434656	14,471198
3,651635	14,471198
3,859614	14,471351
4,073593	14,470892
4,283572	14,470585
4,493551	14,471351
4,700530	14,469819
4,907509	14,470738
5,154484	14,470738
5,363464	14,469819
5,580442	14,469360
5,787421	14,470279
5,993401	14,470279
6,205379	14,469513
6,411359	14,469360
6,622338	14,470279
6,830317	14,469207
7,036296	14,469207
7,243276	14,468594
7,450255	14,468288
7,657234	14,468135
7,864213	14,467369
8,071193	14,468594
8,292171	14,467522
8,499150	14,468135
8,717128	14,468135
8,924107	14,467216
9,135086	14,467522
9,347065	14,467522
9,554044	14,467063
9,769023	14,465838
9,975002	14,466756
10,185981	14,466297
10,392961	14,465684
10,600940	14,465531
10,807919	14,465378
11,013898	14,464612
11,230877	14,464765
11,444855	14,464459
11,652835	14,464765
11,861814	14,464765
12,068793	14,464765
12,274772	14,464153
12,482752	14,463847
12,698730	14,464000
12,905709	14,464000
13,112689	14,463847
13,325667	14,463387
13,532647	14,462315
13,742626	14,463540
13,953604	14,462775
14,162584	14,463847
14,382562	14,462928
14,589541	14,462928
14,795520	14,462928
15,003499	14,461549
15,209479	14,462928
15,422458	14,462928
15,632437	14,463234
15,850415	14,463081
16,058394	14,462468
16,276372	14,462621
16,482352	14,463081
16,694330	14,462621
16,901310	14,462468
17,109289	14,463234
17,314268	14,462775
17,578242	14,461702
17,815218	14,463693
18,179182	14,463387
18,390161	14,463387
18,611139	14,462621
18,858114	14,463387
19,079092	14,463847
19,287071	14,463540
19,495050	14,463387
19,766023	14,463693
19,976002	14,464459
20,186981	14,465531
20,392960	14,466603
20,600940	14,464612
20,822917	14,464612
21,080892	14,465684
21,288871	14,467216
21,495850	14,466450
21,702829	14,466144
21,909809	14,466910
22,147785	14,467063
22,360764	14,467522
22,573742	14,468441
22,780722	14,468594
22,988701	14,467982
23,194680	14,469054
23,401660	14,469207
23,618638	14,469666
23,827617	14,469973
24,034596	14,469207
24,248575	14,470279
24,466553	14,470892
24,675532	14,471198
24,881512	14,472576
25,099490	14,471504
25,306469	14,471810
25,512448	14,472729
25,718428	14,472576
25,927407	14,472883
26,154384	14,473648
26,361364	14,474414
26,568343	14,473648
26,774322	14,473801
26,985301	14,473036
27,201280	14,474261
27,416258	14,473648
27,624237	14,474720
27,831217	14,475180
28,047195	14,475486
28,254174	14,475180
28,461154	14,476252
28,671133	14,475486
28,877112	14,476099
29,087091	14,476558
29,294070	14,476099
29,500050	14,475792
29,711029	14,475946
29,917008	14,475792
30,124987	14,476711
30,336966	14,477171
30,544945	14,476099
30,750925	14,477324
30,963903	14,477171
31,170883	14,477783
31,377862	14,477477
31,602839	14,478243
31,809819	14,478549
32,017798	14,478702
32,245775	14,479009
32,460754	14,478243
32,669733	14,478396
32,877712	14,478702
33,095690	14,478855
33,301669	14,479468
33,508649	14,480846
33,738626	14,479927
33,945605	14,481000
34,155584	14,480387
34,364563	14,480540
34,570543	14,480693
34,779522	14,480540
34,986501	14,480846
35,193480	14,480846
35,400460	14,480846
35,607439	14,481306
35,814418	14,481612
36,037396	14,481153
36,250375	14,480540
36,461353	14,479927
36,679332	14,481306
36,887311	14,480081
37,098290	14,481306
37,313268	14,481765
37,520248	14,481765
37,729227	14,482072
37,936206	14,480693
38,157184	14,481918
38,364163	14,481306
38,570143	14,480846
38,777122	14,480387
38,985101	14,480540
39,202079	14,481000
39,409059	14,482072
39,617038	14,479927
39,860014	14,480234
40,072992	14,481306
40,282971	14,480234
40,489951	14,480387
40,696930	14,481000
40,903909	14,481459
41,112888	14,480387
41,325867	14,480846
41,555844	14,480081
41,762823	14,479315
41,970803	14,480081
42,192780	14,479468
42,400759	14,479468
42,614738	14,479162
42,821717	14,479774
43,031696	14,478090
43,238676	14,477783
43,447655	14,478855
43,662633	14,478243
43,889611	14,477630
44,095590	14,477630
44,303569	14,477630
44,510548	14,477630
44,724527	14,477937
44,934506	14,477018
45,140485	14,476252
45,351464	14,476405
45,558444	14,476864
45,776422	14,477630
45,984401	14,475792
46,190380	14,476558
46,411358	14,476711
46,619338	14,476711
46,826317	14,476252
47,034296	14,475639
47,252274	14,475333
47,467253	14,475180
47,674232	14,474567
47,893210	14,475486
48,101189	14,474261
48,309169	14,474567
48,515148	14,474720
48,734126	14,475027
48,947105	14,474414
49,169083	14,473648
49,375062	14,475333
49,583041	14,473801
49,789021	14,473955
49,997000	14,473495
50,214978	14,475486
50,423957	14,473495
50,641935	14,472729
50,849914	14,474567
51,056894	14,473801
51,263873	14,472423
51,490850	14,473342
51,697830	14,472883
51,906809	14,473036
52,113788	14,472729
52,331766	14,473189
52,540745	14,472270
52,754724	14,472729
52,964703	14,472117
53,172682	14,472117
53,379661	14,472423
53,608639	14,471964
53,815618	14,472423
54,022597	14,472117
54,230576	14,471657
54,437556	14,472423
54,644535	14,471198
54,852514	14,471504
55,077492	14,472576
55,307469	14,472270
55,514448	14,471504
55,722427	14,470892
55,937406	14,471198
56,144385	14,471504
56,361363	14,471504
56,583341	14,471504
56,801319	14,470432
57,008299	14,470432
57,215278	14,471657
57,423257	14,471351
57,637236	14,470279
57,844215	14,470738
58,062193	14,470738
58,269172	14,469666
58,475152	14,471198
58,682131	14,470432
58,891110	14,469819
59,105089	14,469973
59,313068	14,468901
59,525047	14,470126
59,742025	14,470279
59,950004	14,469513
60,191980	14,469973
60,398959	14,468288
60,656934	14,469207
60,864913	14,469973
61,082891	14,468288
61,289870	14,469360
61,497850	14,468594
61,704829	14,468901
61,920807	14,469513
62,166783	14,468901
62,374762	14,467675
62,581741	14,468135
62,788720	14,467216
62,997700	14,469054
63,204679	14,468594
63,411658	14,469819
63,625637	14,467829
63,833616	14,467982
64,062593	14,468441
64,268572	14,466603
64,476552	14,468135
64,689530	14,467829
64,896510	14,467522
65,107489	14,467063
65,314468	14,466297
65,527447	14,466603
65,741425	14,466297
65,948404	14,465991
66,155384	14,467216
