LabVIEW Measurement	
Writer_Version	2
Reader_Version	2
Separator	Tab
Decimal_Separator	,
Multi_Headings	No
X_Columns	One
Time_Pref	Absolute
Operator	ruan.comelli
Date	2019/06/19
Time	15:05:19,0934406500585400026
***End_of_Header***	
	
Channels	1	
Samples	1	
Date	2019/06/19	
Time	15:05:19,0934406500585400026	
Y_Unit_Label	Deg C	
X_Dimension	Time	
X0	0,0000000000000000E+0	
Delta_X	0,000000	
***End_of_Header***		
X_Value	RTD Temperature	Comment
0,000000	59,612097
0,375812	59,611476
0,583708	59,612252
0,792603	59,610855
1,002498	59,612718
1,208395	59,611321
1,441279	59,610855
1,647176	59,611942
1,854072	59,610855
2,065966	59,611166
2,272863	59,610389
2,478760	59,612097
2,690654	59,611787
2,899549	59,611476
3,110444	59,612097
3,319339	59,610700
3,525236	59,610545
3,765116	59,610389
3,972013	59,611010
4,177910	59,611010
4,389804	59,610855
4,596700	59,611166
4,829584	59,611631
5,035481	59,610700
5,247375	59,610855
5,455271	59,612563
5,662167	59,612563
5,869064	59,612718
6,075960	59,611942
6,282857	59,613960
6,489753	59,613649
6,711642	59,613494
6,918539	59,612097
7,134431	59,613960
7,340328	59,613494
7,549223	59,614581
7,759118	59,614581
7,965016	59,614736
8,174910	59,614891
8,380807	59,615357
8,587704	59,617375
8,798598	59,616133
9,004495	59,616754
9,213391	59,616909
9,421287	59,616909
9,634180	59,617685
9,841077	59,619393
10,046974	59,619393
10,276859	59,618772
10,494750	59,620479
10,703645	59,620014
10,913541	59,620790
11,126434	59,620790
11,333330	59,621877
11,540227	59,620635
11,776109	59,621721
11,983006	59,621100
12,189902	59,621877
12,402795	59,622497
12,614689	59,622653
12,822585	59,622032
13,044474	59,623118
13,251371	59,622808
13,461266	59,623584
13,668162	59,623274
13,884054	59,623584
14,090951	59,623429
14,296848	59,621721
14,530731	59,623429
14,736628	59,623584
14,942525	59,621721
15,159416	59,622342
15,365313	59,622342
15,572210	59,622497
15,783104	59,622808
15,990001	59,622342
16,203894	59,621877
16,410790	59,622187
16,627682	59,622963
16,834578	59,623118
17,041475	59,623584
17,256367	59,624050
17,462264	59,623739
17,669161	59,624050
17,885053	59,623895
18,091949	59,623118
18,305842	59,623118
18,518736	59,622963
18,729630	59,622963
18,936527	59,622653
19,148421	59,622808
19,355317	59,622342
19,561214	59,622497
19,769110	59,622032
19,980005	59,622187
20,187901	59,622653
20,407791	59,621100
20,616686	59,622342
20,844572	59,622032
21,051469	59,621877
21,257366	59,622808
21,466261	59,622653
21,672158	59,623429
21,883053	59,623429
22,089949	59,623584
22,300844	59,624205
22,507740	59,623584
22,716636	59,623895
22,923533	59,624826
23,135426	59,624671
23,342323	59,625757
23,549219	59,625913
23,762113	59,626068
23,970009	59,626534
24,194896	59,626068
24,401793	59,626999
24,617685	59,626378
24,828579	59,627465
25,035476	59,627465
25,242372	59,626223
25,450268	59,627310
25,657165	59,627310
25,865061	59,627310
26,075955	59,627310
26,334826	59,627775
26,545720	59,627775
26,751617	59,627620
26,958514	59,626999
27,166410	59,626999
27,373306	59,627154
27,583201	59,626378
27,793096	59,627931
28,001992	59,626689
28,211887	59,627310
28,422781	59,628086
28,629678	59,626844
28,836574	59,626223
29,043471	59,626999
29,251367	59,626999
29,459263	59,626068
29,666159	59,626689
29,891047	59,627154
30,097943	59,627620
30,304840	59,626534
30,511736	59,627620
30,725629	59,627931
30,933526	59,628552
31,139422	59,629483
31,346319	59,629949
31,553215	59,629017
31,759112	59,629949
31,967009	59,628552
32,181901	59,628552
32,396793	59,629949
32,605689	59,628396
32,812585	59,630259
33,019482	59,629793
33,238372	59,630570
33,445269	59,630725
33,652165	59,630725
33,858062	59,631811
34,064959	59,631346
34,271855	59,631190
34,478752	59,631501
34,691645	59,632588
34,898542	59,631811
35,136423	59,631967
35,343319	59,632898
35,550216	59,633208
35,762110	59,633053
35,969007	59,633829
36,180900	59,633519
36,390795	59,634295
36,623679	59,634916
36,830575	59,634606
37,046467	59,634761
37,253364	59,635692
37,459261	59,634761
37,676152	59,635537
37,886047	59,636003
38,092944	59,635382
38,305837	59,636003
38,515732	59,635071
38,722629	59,635537
38,928526	59,635692
39,165407	59,634916
39,371304	59,635382
39,581199	59,635692
39,789095	59,635692
39,995992	59,637089
40,220879	59,635382
40,429775	59,636003
40,642668	59,636624
40,850564	59,636003
41,058460	59,636779
41,265357	59,635692
41,474252	59,636158
41,688145	59,637089
41,895042	59,637555
42,106936	59,636158
42,320829	59,635692
42,527725	59,636624
42,735621	59,635227
42,944517	59,635227
43,153412	59,635227
43,360309	59,635692
43,631173	59,634606
43,838070	59,635382
44,043967	59,635537
44,251863	59,634450
44,457760	59,634761
44,670653	59,633985
44,878549	59,633519
45,099439	59,634295
45,305336	59,634450
45,514231	59,634140
45,720128	59,632432
45,927025	59,633985
46,133921	59,633985
46,343816	59,633674
46,550713	59,633674
46,758609	59,633674
46,965506	59,632277
47,178399	59,632432
47,387294	59,633364
47,601187	59,632277
47,813081	59,632898
48,019978	59,632122
48,236869	59,631656
48,443766	59,631967
48,656659	59,632277
48,866554	59,632432
49,079448	59,632898
49,287344	59,633829
49,496239	59,633208
49,730122	59,632898
49,937019	59,634140
50,142916	59,633519
50,350812	59,633674
50,557708	59,634606
50,775599	59,634450
50,982496	59,634140
51,193390	59,636003
51,406284	59,636003
51,613180	59,635227
51,820077	59,635847
52,026973	59,635071
52,249862	59,634295
52,456758	59,633985
52,662655	59,633829
52,870551	59,633208
53,078447	59,633674
53,285344	59,633364
53,492240	59,633674
53,701136	59,632122
53,908033	59,631967
54,113929	59,631346
54,320826	59,632432
54,528722	59,631501
54,757607	59,631346
54,967503	59,630880
55,173399	59,631190
55,382295	59,630414
55,601185	59,630725
55,811080	59,630259
56,017977	59,629483
56,235868	59,630725
56,442764	59,630570
56,652659	59,630414
56,864553	59,631035
57,075448	59,631035
57,302334	59,631501
57,511230	59,631035
57,738116	59,631346
57,945013	59,631035
58,151909	59,631190
58,358806	59,631346
58,565702	59,631035
58,783593	59,630570
58,994488	59,630570
59,210438	59,631190
59,419396	59,630104
59,626355	59,632432
59,837313	59,630880
60,043272	59,631190
60,252230	59,631967
60,470186	59,631811
60,678145	59,632898
60,891102	59,632122
61,107059	59,633208
61,314017	59,633208
61,525975	59,633829
61,732934	59,634140
61,940892	59,633674
62,157849	59,633208
62,364807	59,634140
62,585763	59,634295
62,792722	59,633519
63,005679	59,633053
63,215637	59,633053
63,459588	59,633364
63,667547	59,630725
63,879504	59,631035
64,092462	59,630880
64,299420	59,629793
64,517377	59,629483
64,725335	59,630570
64,946291	59,629017
65,153249	59,630414
65,360208	59,629328
65,567167	59,628552
65,780124	59,628707
65,988082	59,629483
66,198040	59,628862
66,429994	59,629483
66,637952	59,630104
66,854909	59,629793
67,065867	59,629017
67,273825	59,629017
67,483783	59,628862
67,694741	59,628707
67,901700	59,629793
68,114657	59,629793
68,322615	59,629483
68,529574	59,629949
68,741532	59,629328
68,948490	59,628862
69,157448	59,629793
69,368406	59,629017
69,576365	59,628086
69,784323	59,628862
70,001280	59,629328
70,208238	59,628241
70,438192	59,629328
70,647150	59,627620
70,857108	59,629017
71,078064	59,628241
71,293021	59,628862
71,501979	59,628086
71,725935	59,627931
71,932893	59,628086
72,147850	59,628396
72,355809	59,627931
72,562767	59,627310
72,769726	59,626689
72,978684	59,627620
73,191641	59,626689
73,398600	59,626689
73,605559	59,627931
73,812517	59,626223
74,029474	59,626689
74,235433	59,625913
74,443391	59,628086
74,650350	59,627154
74,858308	59,627465
75,071265	59,627465
75,279224	59,627620
75,486182	59,627620
75,703139	59,627620
75,911097	59,627154
76,127054	59,627154
76,334013	59,626999
76,541971	59,626999
76,748930	59,626844
76,966886	59,628707
77,174845	59,628241
77,381803	59,627620
77,589762	59,627775
77,802719	59,626999
78,011677	59,627775
78,218636	59,626534
78,426594	59,627775
78,642551	59,627620
78,849510	59,627310
79,059468	59,628552
79,276424	59,627775
79,483383	59,627775
79,693341	59,627620
79,903299	59,627931
80,116256	59,628707
80,323215	59,628396
80,531173	59,628241
80,738132	59,628552
80,945090	59,628396
81,152049	59,628862
81,371005	59,629793
81,578964	59,628707
81,785922	59,629328
82,003879	59,628862
82,212837	59,628862
82,419795	59,630104
82,628754	59,628396
82,841711	59,628862
83,049669	59,629017
83,257628	59,629328
83,464586	59,630259
83,672545	59,629328
83,879503	59,630104
84,087462	59,629949
84,294420	59,629483
84,501379	59,630104
84,708338	59,630880
84,917296	59,630725
85,124254	59,631967
85,337212	59,631346
85,546170	59,631656
85,779123	59,631190
85,989081	59,632277
86,204038	59,632277
86,414996	59,632588
86,621955	59,631346
86,828913	59,632743
87,035872	59,633364
87,243830	59,633674
87,450789	59,632432
87,658747	59,631656
87,869705	59,634140
88,077664	59,633519
88,285622	59,633519
88,492581	59,634450
88,700539	59,634450
88,907498	59,635227
89,114456	59,636468
89,321415	59,635382
89,540371	59,635537
89,748329	59,637245
89,966286	59,635382
90,174244	59,637089
90,389201	59,636624
90,598159	59,637710
90,807118	59,637400
91,022075	59,638021
91,229033	59,637710
91,438991	59,638797
91,646950	59,638331
91,853908	59,638176
92,061867	59,637089
92,274824	59,636624
92,482782	59,637710
92,696740	59,637245
92,903698	59,637089
93,119655	59,637245
93,326614	59,636003
93,534572	59,636934
93,747529	59,636934
93,958487	59,635227
94,173444	59,634606
94,382402	59,636468
94,594360	59,635227
94,802318	59,636158
95,017275	59,636313
95,223234	59,635692
95,431193	59,635847
95,638151	59,635382
95,845110	59,634761
96,052068	59,635692
96,260027	59,634450
96,470985	59,634761
96,677943	59,633674
96,885902	59,634606
97,101858	59,634916
97,308817	59,634606
97,523774	59,633519
97,730733	59,633364
97,937691	59,633985
98,144650	59,634295
98,352608	59,633519
98,570565	59,633674
98,777523	59,634140
98,985482	59,632588
99,192440	59,634140
99,401398	59,635227
99,608357	59,633208
99,823314	59,634606
100,029273	59,633985
100,237231	59,634295
100,444190	59,633364
100,651148	59,633208
100,859107	59,633053
101,069065	59,634295
101,277023	59,633364
101,484982	59,633519
101,704938	59,633519
101,911896	59,634450
102,126853	59,632743
102,333812	59,634140
102,541770	59,633364
102,749729	59,633364
102,963686	59,633829
103,172644	59,633674
103,379603	59,634140
103,587561	59,632898
103,807517	59,634295
104,015475	59,632898
104,227433	59,634606
104,436391	59,633208
104,643350	59,632277
104,857307	59,632588
105,064266	59,631967
105,278223	59,632432
105,485181	59,633519
105,720134	59,632588
105,928093	59,632432
106,136051	59,631811
106,343010	59,631656
106,556967	59,630880
106,765925	59,631035
106,973884	59,632898
107,180842	59,631656
107,388801	59,631811
107,597759	59,631656
107,804717	59,631035
108,012676	59,631811
108,238631	59,632122
108,445589	59,631656
108,664545	59,630104
108,872504	59,632432
109,103458	59,631967
109,310416	59,631190
109,518375	59,632432
109,733332	59,632432
109,941290	59,632122
110,155247	59,632432
110,364205	59,633053
110,572164	59,633674
110,784121	59,633674
110,994079	59,632432
111,201038	59,634140
111,424993	59,634140
111,635951	59,634140
111,842910	59,634140
112,049868	59,633829
112,258826	59,634450
112,465785	59,635382
112,673743	59,634450
112,883701	59,636313
113,092660	59,635071
113,300618	59,636158
113,508576	59,635537
113,723533	59,636934
113,930492	59,637089
114,144449	59,636934
114,358406	59,637245
114,566365	59,637865
114,777323	59,638021
114,985281	59,638486
115,194239	59,638797
115,401198	59,638642
115,609156	59,637865
115,832112	59,640194
116,040070	59,639263
116,247029	59,640349
116,459986	59,638021
116,667944	59,638952
116,875903	59,638486
117,083861	59,638486
117,291820	59,638797
117,499778	59,638642
117,718734	59,638331
117,927692	59,637865
118,134651	59,637400
118,341610	59,638642
118,553567	59,637555
118,762525	59,638797
118,982481	59,636779
119,190440	59,637245
119,397398	59,637710
119,604357	59,638021
119,818314	59,638176
120,026273	59,637245
120,234231	59,636779
120,442189	59,638021
120,649148	59,637400
120,860106	59,638021
