LabVIEW Measurement	
Writer_Version	2
Reader_Version	2
Separator	Tab
Decimal_Separator	,
Multi_Headings	No
X_Columns	One
Time_Pref	Absolute
Operator	ruan.comelli
Date	2019/06/17
Time	16:40:16,4766025500583416036
***End_of_Header***	
	
Channels	1	
Samples	1	
Date	2019/06/17	
Time	16:40:16,4766025500583416036	
Y_Unit_Label	Deg C	
X_Dimension	Time	
X0	0,0000000000000000E+0	
Delta_X	0,000000	
***End_of_Header***		
X_Value	RTD Temperature	Comment
0,000000	39,745499
0,248000	39,744419
0,457000	39,744574
0,667000	39,744111
0,874000	39,744111
1,081000	39,743802
1,303000	39,744265
1,510000	39,743031
1,718000	39,743648
1,924000	39,743185
2,131000	39,743339
2,337000	39,743956
2,549000	39,743956
2,756000	39,743185
3,034000	39,743185
3,245000	39,743802
3,456000	39,743339
3,663000	39,742876
3,870000	39,742105
4,078000	39,743648
4,296000	39,742876
4,503000	39,742568
4,721000	39,742568
4,927000	39,743031
5,134000	39,743802
5,343000	39,742568
5,550000	39,742568
5,759000	39,742568
5,985000	39,742105
6,195000	39,741950
6,404000	39,741796
6,621000	39,741487
6,829000	39,741950
7,048000	39,741487
7,255000	39,740716
7,462000	39,740870
7,669000	39,741025
7,878000	39,740253
8,085000	39,740716
8,292000	39,739481
8,504000	39,739019
8,711000	39,739019
8,918000	39,739944
9,124000	39,737630
9,333000	39,738556
9,539000	39,737938
9,753000	39,737938
9,963000	39,736395
10,175000	39,735932
10,382000	39,736241
10,590000	39,735469
10,806000	39,735161
11,015000	39,734698
11,221000	39,733618
11,459000	39,733618
11,666000	39,733155
11,892000	39,733618
12,099000	39,732538
12,305000	39,732229
12,513000	39,732075
12,719000	39,730069
12,925000	39,730686
13,133000	39,729606
13,345000	39,729297
13,555000	39,729143
13,767000	39,726211
14,043000	39,728063
14,249000	39,726982
14,463000	39,726828
14,681000	39,726520
14,888000	39,726057
15,096000	39,726211
15,302000	39,725285
15,512000	39,725594
15,719000	39,724359
15,928000	39,725131
16,134000	39,724205
16,347000	39,724514
16,554000	39,723896
16,764000	39,723125
16,989000	39,723279
17,197000	39,721427
17,404000	39,723125
17,612000	39,722199
17,829000	39,720502
18,072000	39,720502
18,281000	39,721273
18,488000	39,721273
18,695000	39,719730
18,901000	39,720039
19,108000	39,719421
19,315000	39,718804
19,528000	39,718341
19,740000	39,718804
19,947000	39,718033
20,164000	39,717878
20,373000	39,716181
20,584000	39,717261
20,793000	39,716490
21,000000	39,715872
21,206000	39,715409
21,417000	39,714946
21,624000	39,715255
21,831000	39,715101
22,076000	39,715255
22,284000	39,714175
22,495000	39,714021
22,703000	39,714175
22,911000	39,713095
23,123000	39,714021
23,329000	39,713712
23,546000	39,713403
23,753000	39,714175
23,962000	39,713403
24,169000	39,714792
24,376000	39,714021
24,588000	39,713558
24,795000	39,714484
25,006000	39,713403
25,213000	39,714792
25,427000	39,713866
25,634000	39,714329
25,840000	39,714175
26,047000	39,714175
26,276000	39,713866
26,489000	39,712632
26,695000	39,714175
26,901000	39,713558
27,110000	39,713403
27,316000	39,714021
27,531000	39,714792
27,738000	39,714484
27,944000	39,715101
28,175000	39,714329
28,382000	39,713866
28,589000	39,713712
28,799000	39,715409
29,007000	39,714638
29,213000	39,714792
29,420000	39,714638
29,640000	39,714329
29,846000	39,714792
30,054000	39,715409
30,261000	39,714946
30,482000	39,715101
30,694000	39,715718
30,901000	39,716181
31,108000	39,714021
31,316000	39,714638
31,523000	39,715564
31,730000	39,715718
31,944000	39,716181
32,150000	39,715409
32,357000	39,717107
32,565000	39,716490
32,776000	39,715872
32,983000	39,715101
33,193000	39,715564
33,399000	39,716952
33,611000	39,715255
33,818000	39,716798
34,026000	39,715718
34,249000	39,716027
34,456000	39,715255
34,680000	39,716335
34,887000	39,716490
35,095000	39,716335
35,302000	39,715409
35,519000	39,715564
35,726000	39,715101
35,932000	39,715101
36,147000	39,715409
36,353000	39,715101
36,592000	39,714484
36,810000	39,714792
37,023000	39,713712
37,230000	39,713403
37,445000	39,713249
37,652000	39,712786
37,859000	39,712940
38,070000	39,712015
38,304000	39,712940
38,520000	39,712786
38,727000	39,711706
38,937000	39,711860
39,145000	39,713095
39,352000	39,711860
39,565000	39,710934
39,772000	39,712015
39,984000	39,712632
40,193000	39,711089
40,403000	39,711397
40,611000	39,712169
40,867000	39,712323
41,075000	39,711860
41,301000	39,711552
41,508000	39,711706
41,715000	39,712169
41,922000	39,711089
42,135000	39,711397
42,342000	39,711860
42,549000	39,711706
42,766000	39,712015
42,976000	39,712632
43,190000	39,711552
43,409000	39,712478
43,615000	39,711706
43,827000	39,712478
44,034000	39,710780
44,241000	39,712786
44,448000	39,712169
44,659000	39,712015
44,869000	39,711860
45,077000	39,710934
45,285000	39,712632
45,492000	39,712632
45,700000	39,712015
45,908000	39,711860
46,116000	39,713403
46,323000	39,713249
46,529000	39,712169
46,736000	39,712478
46,943000	39,713558
47,151000	39,714021
47,361000	39,713866
47,575000	39,714484
47,782000	39,714484
47,990000	39,714792
48,205000	39,715718
48,412000	39,716027
48,623000	39,715409
48,829000	39,715564
49,036000	39,716181
49,244000	39,717570
49,459000	39,716644
49,693000	39,717415
49,904000	39,718496
50,111000	39,717570
50,318000	39,717570
50,525000	39,717724
50,732000	39,718650
50,939000	39,717724
51,147000	39,718187
51,368000	39,718804
51,576000	39,718958
51,784000	39,720193
52,003000	39,719730
52,210000	39,720347
52,430000	39,719884
52,637000	39,720502
52,844000	39,721273
53,051000	39,722353
53,262000	39,721890
53,557000	39,721890
53,766000	39,721273
53,976000	39,722508
54,182000	39,723125
54,397000	39,722816
54,605000	39,721582
54,812000	39,722662
55,043000	39,722970
55,250000	39,722508
55,460000	39,721427
55,670000	39,722353
55,889000	39,721582
56,106000	39,721582
56,313000	39,721736
56,540000	39,721582
56,747000	39,722199
56,956000	39,721736
57,164000	39,720039
57,383000	39,721427
57,637000	39,720810
57,845000	39,720502
58,061000	39,721273
58,290000	39,720347
58,501000	39,721273
58,710000	39,720502
58,920000	39,720964
59,142000	39,720502
59,349000	39,721736
59,559000	39,721119
59,792000	39,721890
60,003000	39,721890
60,210000	39,721582
60,417000	39,722353
60,624000	39,721427
60,831000	39,721890
61,045000	39,721736
61,252000	39,721890
61,460000	39,722353
61,682000	39,720810
61,889000	39,722353
62,096000	39,722045
62,303000	39,721119
62,511000	39,721582
62,740000	39,720810
62,947000	39,720810
63,154000	39,720502
63,362000	39,721119
63,573000	39,721273
63,787000	39,720039
63,996000	39,721119
64,212000	39,720039
64,419000	39,719730
64,626000	39,720656
64,833000	39,720039
65,050000	39,719576
65,259000	39,719730
65,475000	39,719576
65,683000	39,720347
65,892000	39,719576
66,100000	39,718958
66,308000	39,718958
66,531000	39,719421
66,739000	39,718804
66,946000	39,719267
67,153000	39,718341
67,361000	39,719576
67,578000	39,718496
67,796000	39,718033
68,006000	39,718650
68,213000	39,718187
68,420000	39,717415
68,627000	39,717724
68,835000	39,716644
69,058000	39,715718
69,265000	39,717261
69,473000	39,714946
69,691000	39,714175
69,900000	39,714021
70,120000	39,713095
70,347000	39,713403
70,564000	39,714021
70,775000	39,713249
70,990000	39,714175
71,206000	39,712478
71,413000	39,713866
71,625000	39,713095
71,842000	39,713095
72,049000	39,712478
72,257000	39,713249
72,470000	39,713712
72,678000	39,713558
72,888000	39,713712
73,098000	39,713403
73,306000	39,714946
73,513000	39,714329
73,725000	39,714021
73,933000	39,713249
74,140000	39,713712
74,354000	39,713403
74,562000	39,713866
74,770000	39,713866
74,978000	39,714329
75,185000	39,714638
75,425000	39,713558
75,632000	39,713403
75,854000	39,713866
76,064000	39,713712
76,275000	39,712786
76,490000	39,713403
76,698000	39,713095
76,954000	39,714329
77,167000	39,713095
77,377000	39,712786
77,585000	39,712786
77,806000	39,712323
78,015000	39,712323
78,227000	39,713403
78,462000	39,712015
78,734000	39,712169
78,945000	39,712632
79,152000	39,712323
79,398000	39,711552
79,606000	39,711397
79,813000	39,711552
80,047000	39,710780
80,253000	39,711243
80,477000	39,710626
80,689000	39,710780
80,907000	39,711089
81,116000	39,711243
81,323000	39,710472
81,531000	39,709700
81,750000	39,710009
81,973000	39,710780
82,181000	39,711243
82,388000	39,710472
82,598000	39,710780
82,807000	39,710009
83,045000	39,710163
83,252000	39,711552
83,477000	39,710626
83,685000	39,710009
83,892000	39,710934
84,100000	39,711397
84,307000	39,711089
84,558000	39,710163
84,765000	39,712015
84,985000	39,711706
85,197000	39,711089
85,405000	39,710934
85,612000	39,711706
85,819000	39,711397
86,050000	39,712632
86,257000	39,710780
86,468000	39,712786
86,675000	39,712169
86,883000	39,712478
87,093000	39,712169
87,301000	39,712169
87,530000	39,710934
87,739000	39,712478
87,946000	39,712169
88,153000	39,710934
88,367000	39,712323
88,597000	39,710934
88,806000	39,711552
89,030000	39,712169
89,239000	39,710780
89,446000	39,711089
89,653000	39,710472
89,866000	39,710472
90,074000	39,710163
90,284000	39,709546
90,512000	39,710163
90,720000	39,710472
90,927000	39,709854
91,139000	39,709391
91,350000	39,710009
91,557000	39,710472
91,765000	39,710163
91,978000	39,710780
92,185000	39,710626
92,393000	39,710009
92,653000	39,710934
92,871000	39,710626
93,079000	39,710934
93,292000	39,710626
93,504000	39,711397
93,712000	39,710934
93,919000	39,711243
94,127000	39,710626
94,334000	39,710934
94,541000	39,710009
94,748000	39,711397
94,957000	39,710780
95,168000	39,710780
95,377000	39,710934
95,584000	39,711706
95,794000	39,711706
96,005000	39,711243
96,217000	39,711089
96,425000	39,710163
96,632000	39,710934
96,839000	39,711397
97,052000	39,711243
97,260000	39,711243
97,475000	39,710626
97,721000	39,711089
97,941000	39,710626
98,149000	39,711089
98,361000	39,710472
98,569000	39,710472
98,779000	39,710472
98,987000	39,711552
99,194000	39,710163
99,406000	39,710472
99,613000	39,710009
99,820000	39,710626
100,039000	39,710163
100,262000	39,709700
100,485000	39,709854
100,695000	39,710009
100,921000	39,710009
101,129000	39,710009
101,340000	39,711089
101,548000	39,709237
101,779000	39,710317
101,989000	39,709700
102,196000	39,710009
102,404000	39,709546
102,611000	39,709083
102,819000	39,708157
103,027000	39,708774
103,234000	39,708466
103,442000	39,709083
103,661000	39,709237
103,871000	39,708003
104,081000	39,707385
104,291000	39,708620
104,512000	39,707848
104,720000	39,708003
104,928000	39,708466
105,146000	39,707077
105,353000	39,707231
105,564000	39,707540
105,774000	39,707540
105,986000	39,707231
106,196000	39,706768
106,403000	39,706614
106,622000	39,706460
106,833000	39,705842
107,041000	39,706151
107,250000	39,706614
107,457000	39,705379
107,668000	39,705534
107,876000	39,705225
108,088000	39,705997
108,296000	39,704299
108,504000	39,705688
108,724000	39,705379
108,932000	39,705997
109,139000	39,705379
109,347000	39,706460
109,555000	39,705379
109,765000	39,704299
109,984000	39,705225
110,199000	39,703836
110,424000	39,704916
110,631000	39,705071
110,848000	39,703528
111,056000	39,703682
111,263000	39,703373
111,471000	39,703219
111,679000	39,702448
111,903000	39,702293
112,111000	39,701985
112,325000	39,701676
112,533000	39,701213
112,744000	39,701676
112,952000	39,700133
113,165000	39,699670
113,375000	39,700596
113,594000	39,699207
113,802000	39,698898
114,017000	39,698127
114,224000	39,698127
114,453000	39,697973
114,660000	39,697510
114,882000	39,697047
115,090000	39,698127
115,304000	39,696275
115,516000	39,697201
115,724000	39,696275
115,939000	39,695812
116,146000	39,695195
116,354000	39,695658
116,564000	39,695504
116,781000	39,695041
117,005000	39,693498
117,213000	39,693652
117,420000	39,693343
117,627000	39,692880
117,835000	39,693035
118,043000	39,693035
118,251000	39,692572
118,470000	39,691955
118,683000	39,692418
118,894000	39,691337
119,107000	39,690720
