LabVIEW Measurement
Writer_Version	2
Reader_Version	2
Separator	Tab
Decimal_Separator	,
Multi_Headings	No
X_Columns	One
Time_Pref	Absolute
Operator	ruan.comelli
Date	2019/06/17
Time	11:58:04,7314575500582096412
***End_of_Header***

Channels	1
Samples	1
Date	2019/06/17
Time	11:58:04,7314575500582096412
Y_Unit_Label	Deg C
X_Dimension	Time
X0	0,0000000000000000E+0
Delta_X	0,000000
***End_of_Header***
X_Value	RTD Temperature	Comment
0,000000	14,493099
0,210979	14,493252
0,416958	14,493558
0,624938	14,494783
0,864914	14,495090
1,070893	14,495396
1,289871	14,495702
1,495850	14,495702
1,701830	14,496162
1,908809	14,496927
2,119788	14,497081
2,327767	14,496468
2,544746	14,498612
2,750725	14,497999
2,958704	14,496927
3,165683	14,497081
3,372663	14,497846
3,578642	14,498918
3,792621	14,498459
3,998600	14,498612
4,210579	14,497999
4,417558	14,499684
4,630537	14,498918
4,858514	14,499072
5,074492	14,499531
5,283472	14,498765
5,489451	14,499990
5,705429	14,499990
5,912409	14,500450
6,122388	14,499837
6,392361	14,501063
6,602340	14,500603
6,808319	14,500603
7,023298	14,501063
7,233277	14,501522
7,441256	14,502441
7,648235	14,499684
7,875212	14,501216
8,082192	14,501369
8,288171	14,502288
8,495150	14,501981
8,709129	14,501522
8,916108	14,501981
9,130087	14,501828
9,343066	14,502135
9,555044	14,501063
9,763024	14,502135
9,969003	14,501675
10,182982	14,501828
10,397960	14,501522
10,603940	14,501369
10,812919	14,501981
11,018898	14,501216
11,225877	14,502135
11,449855	14,501063
11,662834	14,501063
11,870813	14,502135
12,077792	14,501369
12,283772	14,501522
12,490751	14,502288
12,704729	14,500756
12,911709	14,501675
13,119688	14,500909
13,326667	14,501216
13,543646	14,501216
13,751625	14,501675
13,961604	14,500756
14,168583	14,500909
14,391561	14,501369
14,597540	14,501828
14,808519	14,500144
15,015498	14,500297
15,227477	14,500144
15,433457	14,500450
15,645435	14,499225
15,853415	14,499531
16,060394	14,499378
16,267373	14,499072
16,479352	14,499378
16,690331	14,500756
16,896310	14,499072
17,103289	14,498306
17,311269	14,498918
17,521248	14,497693
17,728227	14,497081
17,936206	14,498153
18,146185	14,497234
18,363164	14,497387
18,573143	14,497693
18,780122	14,496008
18,987101	14,496315
19,200080	14,495702
19,406059	14,495090
19,613039	14,495549
19,826017	14,494630
20,068993	14,495243
20,286971	14,495090
20,492951	14,494783
20,703929	14,494630
20,909909	14,492945
21,116888	14,493864
21,336866	14,493711
21,569843	14,492639
21,781822	14,492792
21,990801	14,493252
22,197780	14,492333
22,404759	14,491261
22,611739	14,492639
22,818718	14,491873
23,027697	14,492486
23,236676	14,491567
23,445655	14,491873
23,653634	14,492180
23,860614	14,490801
24,067593	14,491414
24,278572	14,491567
24,485551	14,490954
24,691531	14,491261
24,904509	14,492027
25,127487	14,490648
25,351465	14,490495
25,561444	14,491414
25,773422	14,492027
25,979402	14,491108
26,186381	14,490954
26,411359	14,490648
26,642336	14,490495
26,880312	14,490189
27,086291	14,490036
27,293270	14,490495
27,504249	14,489117
27,711229	14,489117
27,918208	14,489882
28,127187	14,488963
28,349165	14,489423
28,557144	14,489576
28,767123	14,488963
28,974102	14,488351
29,184081	14,489576
29,417058	14,488810
29,625037	14,489423
29,834016	14,489117
30,045995	14,488198
30,253974	14,488504
30,460954	14,488198
30,681932	14,488657
30,888911	14,489423
31,094890	14,489117
31,308869	14,488657
31,515848	14,489270
31,725827	14,488045
31,932806	14,488045
32,142785	14,488045
32,354764	14,488657
32,566743	14,488504
32,774722	14,489117
32,980702	14,489270
33,186681	14,489729
33,394660	14,490342
33,600640	14,489882
33,808619	14,489576
34,022597	14,489729
34,255574	14,490036
34,462553	14,490036
34,668533	14,490342
34,875512	14,489117
35,089491	14,491261
35,297470	14,492027
35,504449	14,490954
35,711429	14,490189
35,918408	14,490801
36,159384	14,491873
36,366363	14,491261
36,573342	14,490954
36,800320	14,491414
37,009299	14,491414
37,229277	14,491873
37,437256	14,491108
37,645235	14,491873
37,852214	14,492639
38,060194	14,492180
38,267173	14,491567
38,474152	14,491873
38,686131	14,492027
38,893110	14,492180
39,101089	14,492180
39,321068	14,492027
39,545045	14,491720
39,752024	14,494018
39,960004	14,492486
40,171982	14,492027
40,381961	14,492180
40,595940	14,491720
40,836916	14,492333
41,053894	14,491720
41,261873	14,492027
41,468853	14,490648
41,679832	14,490954
41,887811	14,491567
42,094790	14,492027
42,300770	14,490801
42,507749	14,491108
42,728727	14,490189
42,935706	14,490801
43,145685	14,490036
43,426657	14,490342
43,633636	14,490648
43,910609	14,490801
44,117588	14,490495
44,329567	14,490036
44,547545	14,490342
44,755524	14,488657
44,962503	14,489729
45,170482	14,489423
45,458454	14,488963
45,666433	14,488657
45,873412	14,488810
46,080391	14,489270
46,286371	14,488351
46,495350	14,487738
46,702329	14,487432
46,920308	14,488045
47,135286	14,486207
47,346265	14,487432
47,553244	14,487126
47,764223	14,487126
47,971202	14,487279
48,179182	14,487279
48,386161	14,486972
48,593145	14,486666
48,801145	14,486513
49,009145	14,486819
49,215145	14,485900
49,438145	14,486207
49,648145	14,485747
49,866145	14,486513
50,074145	14,486207
50,281145	14,485900
50,495145	14,485747
50,702145	14,485441
50,910145	14,485441
51,117145	14,484828
51,334145	14,484982
51,541145	14,485441
51,754145	14,485441
51,991145	14,485288
52,198145	14,484828
52,411145	14,484982
52,618145	14,483756
52,832145	14,486054
53,039145	14,484216
53,252145	14,485135
53,459145	14,484828
53,667145	14,484369
53,874145	14,484216
54,083145	14,483297
54,289145	14,485441
54,496145	14,483450
54,708145	14,484216
54,915145	14,484063
55,122145	14,483297
55,330145	14,483909
55,543145	14,483297
55,769145	14,483450
55,979145	14,483450
56,191145	14,482531
56,398145	14,483603
56,605145	14,482531
56,812145	14,482837
57,048145	14,482072
57,261145	14,483450
57,468145	14,482684
57,675145	14,483603
57,882145	14,483144
58,106145	14,483144
58,312145	14,483756
58,524145	14,483297
58,735145	14,483603
58,953145	14,482991
59,160145	14,484369
59,369145	14,482991
59,579145	14,482684
59,786145	14,483603
60,010145	14,483756
60,219145	14,483603
60,426145	14,483909
60,656145	14,484216
60,864145	14,484369
61,085145	14,483909
61,292145	14,483603
61,498145	14,484369
61,706145	14,484369
61,913145	14,484063
62,156145	14,484369
62,366145	14,484216
62,576145	14,484216
62,784145	14,483603
62,991145	14,483603
63,197145	14,484675
63,421145	14,485288
63,664145	14,484982
63,872145	14,483909
64,079145	14,484828
64,285145	14,485288
64,498145	14,484522
64,705145	14,484828
64,912145	14,484369
65,132145	14,485135
65,342145	14,484982
65,564145	14,484522
65,771145	14,484522
65,978145	14,483603
