LabVIEW Measurement	
Writer_Version	2
Reader_Version	2
Separator	Tab
Decimal_Separator	,
Multi_Headings	No
X_Columns	One
Time_Pref	Absolute
Operator	ruan.comelli
Date	2019/06/24
Time	17:16:33,9083180500581180639
***End_of_Header***	
	
Channels	1	
Samples	1	
Date	2019/06/24	
Time	17:16:33,9083180500581180639	
Y_Unit_Label	Deg C	
X_Dimension	Time	
X0	0,0000000000000000E+0	
Delta_X	0,000000	
***End_of_Header***		
X_Value	RTD Temperature	Comment
0,000000	80,247092
0,209000	80,246623
0,415000	80,247716
0,621000	80,246779
0,831000	80,248341
1,038000	80,246779
1,247000	80,248029
1,453000	80,247404
1,660000	80,246935
1,866000	80,246623
2,072000	80,246935
2,279000	80,245998
2,486000	80,246311
2,692000	80,246154
2,898000	80,246311
3,105000	80,245061
3,318000	80,246623
3,528000	80,246311
3,734000	80,245686
3,940000	80,246154
4,146000	80,245061
4,352000	80,245998
4,563000	80,245217
4,770000	80,245530
4,981000	80,245842
5,187000	80,245061
5,395000	80,244436
5,601000	80,244749
5,807000	80,244749
6,014000	80,245530
6,220000	80,244749
6,426000	80,245530
6,633000	80,245373
6,856000	80,244280
7,067000	80,243811
7,275000	80,245217
7,486000	80,245686
7,692000	80,244436
7,912000	80,244592
8,119000	80,243968
8,330000	80,244592
8,536000	80,245530
8,742000	80,244124
8,949000	80,243187
9,159000	80,243655
9,367000	80,243499
9,580000	80,243811
9,786000	80,244124
9,997000	80,243811
10,203000	80,244592
10,418000	80,243968
10,624000	80,244749
10,830000	80,244280
11,041000	80,244124
11,247000	80,243968
11,453000	80,244592
11,665000	80,243811
11,875000	80,244592
12,086000	80,244749
12,293000	80,243187
12,499000	80,243968
12,706000	80,245373
12,914000	80,245061
13,120000	80,243030
13,335000	80,244749
13,542000	80,245061
13,749000	80,244905
13,968000	80,245686
14,181000	80,245530
14,388000	80,245217
14,595000	80,244592
14,806000	80,245530
15,013000	80,246935
15,219000	80,246779
15,426000	80,247404
15,632000	80,247092
15,838000	80,245842
16,045000	80,246779
16,253000	80,246467
16,486000	80,247716
16,693000	80,247560
16,900000	80,246623
17,106000	80,247716
17,322000	80,248341
17,528000	80,248497
17,739000	80,248185
17,947000	80,248029
18,158000	80,248654
18,365000	80,248810
18,572000	80,249278
18,784000	80,249122
18,991000	80,248654
19,203000	80,248966
19,410000	80,249591
19,620000	80,249903
19,826000	80,250528
20,044000	80,251309
20,256000	80,250840
20,463000	80,251309
20,676000	80,252246
20,882000	80,251934
21,089000	80,251934
21,296000	80,252246
21,502000	80,251934
21,714000	80,252871
21,921000	80,252246
22,138000	80,252090
22,345000	80,253965
22,595000	80,252871
22,801000	80,252871
23,013000	80,252715
23,219000	80,253340
23,426000	80,253340
23,633000	80,255683
23,843000	80,253652
24,050000	80,254589
24,261000	80,254902
24,468000	80,254902
24,679000	80,254121
24,886000	80,253965
25,132000	80,255214
25,339000	80,256308
25,546000	80,255683
25,752000	80,256308
25,958000	80,257245
26,166000	80,256776
26,378000	80,256620
26,585000	80,257870
26,791000	80,257713
26,998000	80,257245
27,225000	80,256308
27,431000	80,257089
27,638000	80,257713
27,844000	80,257245
28,053000	80,258651
28,262000	80,258338
28,470000	80,258807
28,725000	80,258494
28,932000	80,258338
29,138000	80,258963
29,344000	80,258651
29,555000	80,259588
29,763000	80,259900
29,970000	80,259744
30,178000	80,259744
30,384000	80,259900
30,596000	80,260369
30,803000	80,260369
31,015000	80,259744
31,223000	80,260369
31,433000	80,260994
31,640000	80,260369
31,853000	80,260213
32,059000	80,260837
32,266000	80,259432
32,479000	80,260681
32,686000	80,260681
32,898000	80,260994
33,104000	80,261775
33,316000	80,261150
33,523000	80,261775
33,733000	80,261150
33,940000	80,260056
34,151000	80,261150
34,358000	80,262087
34,570000	80,261618
34,792000	80,261618
35,004000	80,262399
35,211000	80,261306
35,417000	80,261306
35,629000	80,262243
35,836000	80,261775
36,047000	80,260994
36,255000	80,262243
36,461000	80,262868
36,668000	80,262556
36,876000	80,261775
37,083000	80,261931
37,290000	80,261775
37,497000	80,261618
37,709000	80,262399
37,915000	80,261931
38,124000	80,261775
38,333000	80,262399
38,540000	80,263805
38,746000	80,262087
38,957000	80,261462
39,164000	80,262243
39,371000	80,262087
39,578000	80,262399
39,785000	80,262556
39,998000	80,262868
40,205000	80,263024
40,413000	80,262556
40,624000	80,263337
40,831000	80,264742
41,042000	80,263337
41,249000	80,263180
41,461000	80,262399
41,668000	80,262868
41,930000	80,262087
42,136000	80,262556
42,344000	80,262868
42,551000	80,263805
42,763000	80,262087
42,970000	80,261306
43,181000	80,265367
43,421000	80,263337
43,628000	80,264430
43,836000	80,262399
44,042000	80,263805
44,254000	80,263180
44,461000	80,263493
44,668000	80,264430
44,876000	80,263649
45,083000	80,263961
45,296000	80,264430
45,503000	80,264118
45,710000	80,264118
45,922000	80,265055
46,129000	80,264274
46,341000	80,264274
46,547000	80,263961
46,754000	80,264742
46,962000	80,264586
47,169000	80,264274
47,376000	80,263805
47,588000	80,264586
47,795000	80,265211
48,025000	80,263805
48,232000	80,265055
48,442000	80,264899
48,649000	80,264742
48,860000	80,264899
49,068000	80,266148
49,281000	80,264742
49,506000	80,266617
49,713000	80,264586
49,921000	80,265523
50,127000	80,265211
50,339000	80,265367
50,545000	80,265992
50,756000	80,266461
50,963000	80,265836
51,170000	80,267242
51,381000	80,265836
51,588000	80,265680
51,795000	80,265992
52,003000	80,266304
52,209000	80,265680
52,421000	80,266461
52,628000	80,265836
52,834000	80,265211
53,068000	80,266617
53,276000	80,267242
53,483000	80,266773
53,690000	80,266929
53,902000	80,266617
54,109000	80,266461
54,321000	80,266461
54,527000	80,266304
54,738000	80,266773
54,945000	80,265836
55,151000	80,267242
55,358000	80,267554
55,586000	80,265992
55,798000	80,266929
56,005000	80,267242
56,211000	80,266148
56,422000	80,266773
56,629000	80,267242
56,835000	80,267085
57,042000	80,267085
57,253000	80,267242
57,460000	80,266461
57,672000	80,266773
57,879000	80,266617
58,086000	80,265992
58,297000	80,266773
58,505000	80,266929
58,711000	80,266461
58,918000	80,265992
59,136000	80,266304
59,347000	80,266148
59,554000	80,266304
59,761000	80,267085
59,974000	80,265992
60,182000	80,266304
60,394000	80,267710
60,601000	80,267085
60,813000	80,267710
61,021000	80,267085
61,228000	80,266773
61,434000	80,266461
61,644000	80,265992
61,851000	80,265992
62,057000	80,266773
62,269000	80,266929
62,477000	80,266617
62,691000	80,267085
62,898000	80,267242
63,105000	80,268179
63,317000	80,266929
63,524000	80,267710
63,733000	80,267710
63,939000	80,267710
64,154000	80,267710
64,361000	80,267554
64,574000	80,267085
64,781000	80,268023
64,993000	80,267085
65,213000	80,266617
65,427000	80,267554
65,634000	80,267398
65,843000	80,267866
66,050000	80,267085
66,256000	80,268023
66,469000	80,267085
66,680000	80,268023
66,892000	80,267554
67,100000	80,268023
67,306000	80,268179
67,513000	80,268647
67,720000	80,268804
67,933000	80,268647
68,140000	80,268179
68,346000	80,268335
68,553000	80,268335
68,765000	80,268335
68,978000	80,269116
69,185000	80,269116
69,397000	80,268960
69,605000	80,268179
69,812000	80,269585
70,018000	80,268647
70,234000	80,268960
70,441000	80,268647
70,653000	80,268491
70,860000	80,268023
71,068000	80,269272
71,276000	80,270366
71,482000	80,269272
71,696000	80,269272
71,903000	80,269741
72,119000	80,270209
72,327000	80,270053
72,539000	80,269428
72,746000	80,269741
72,957000	80,269428
73,165000	80,269741
73,373000	80,269116
73,581000	80,269585
73,788000	80,270209
74,000000	80,269272
74,207000	80,268804
74,413000	80,269741
74,626000	80,270522
74,836000	80,270053
75,043000	80,269897
75,250000	80,270522
75,462000	80,270522
75,669000	80,270366
75,877000	80,269741
76,084000	80,269585
76,291000	80,269741
76,499000	80,270522
76,706000	80,269585
76,914000	80,269897
77,121000	80,271303
77,337000	80,270366
77,544000	80,270678
77,751000	80,270678
77,958000	80,270678
78,165000	80,270366
78,373000	80,271615
78,587000	80,270990
78,794000	80,270678
79,006000	80,269585
79,212000	80,270990
79,446000	80,271615
79,654000	80,271928
79,863000	80,270678
80,070000	80,271615
80,285000	80,270834
80,492000	80,270990
80,705000	80,270522
80,925000	80,269741
81,139000	80,270366
81,346000	80,271147
81,559000	80,270990
81,767000	80,271303
81,974000	80,270209
82,188000	80,272084
82,396000	80,271147
82,608000	80,272240
82,816000	80,271303
83,022000	80,270522
83,229000	80,271459
83,436000	80,273334
83,651000	80,272553
83,858000	80,273021
84,070000	80,271772
84,277000	80,271303
84,490000	80,272396
84,698000	80,271615
84,906000	80,273177
85,113000	80,272865
85,320000	80,272396
85,527000	80,271615
85,739000	80,272553
85,947000	80,273490
86,158000	80,273802
86,365000	80,272865
86,573000	80,273021
86,784000	80,273021
87,022000	80,272865
87,229000	80,273802
87,441000	80,273802
87,648000	80,273490
87,855000	80,274271
88,062000	80,274583
88,271000	80,274271
88,478000	80,273490
88,685000	80,274115
88,893000	80,273958
89,100000	80,274739
89,307000	80,274271
89,517000	80,274115
89,724000	80,274115
89,937000	80,273490
90,145000	80,274271
90,357000	80,274896
90,575000	80,275208
90,788000	80,274427
90,995000	80,275833
91,207000	80,274271
91,415000	80,276145
91,622000	80,274896
91,829000	80,274115
92,037000	80,275052
92,244000	80,275833
92,451000	80,274739
92,658000	80,273958
92,870000	80,274271
93,100000	80,275052
93,308000	80,274896
93,515000	80,275989
93,722000	80,274739
93,929000	80,275364
94,139000	80,275833
94,346000	80,276145
94,554000	80,275989
94,766000	80,276145
94,974000	80,275989
95,182000	80,276301
95,395000	80,275833
95,602000	80,276614
95,815000	80,276145
96,022000	80,275989
96,229000	80,275833
96,441000	80,276145
96,650000	80,275677
96,863000	80,277395
97,071000	80,275833
97,279000	80,275833
97,492000	80,276301
97,699000	80,275989
97,907000	80,276301
98,120000	80,275989
98,328000	80,275677
98,540000	80,276614
98,747000	80,276145
98,955000	80,276301
99,162000	80,276145
99,375000	80,276301
99,583000	80,275989
99,790000	80,275520
100,004000	80,275052
100,217000	80,275677
100,423000	80,276614
100,636000	80,275989
100,843000	80,276770
101,056000	80,277082
101,263000	80,275677
101,477000	80,275520
101,685000	80,275833
101,897000	80,275989
102,104000	80,275989
102,311000	80,276145
102,519000	80,275520
102,726000	80,275833
102,939000	80,275677
103,146000	80,275364
103,353000	80,275833
103,560000	80,275989
103,767000	80,275052
103,975000	80,275208
104,182000	80,275364
104,390000	80,277239
104,597000	80,274583
