LabVIEW Measurement	
Writer_Version	2
Reader_Version	2
Separator	Tab
Decimal_Separator	,
Multi_Headings	No
X_Columns	One
Time_Pref	Absolute
Operator	ruan.comelli
Date	2019/06/24
Time	16:14:31,8113180500581682899
***End_of_Header***	
	
Channels	1	
Samples	1	
Date	2019/06/24	
Time	16:14:31,8113180500581682899	
Y_Unit_Label	Deg C	
X_Dimension	Time	
X0	0,0000000000000000E+0	
Delta_X	0,000000	
***End_of_Header***		
X_Value	RTD Temperature	Comment
0,000000	75,246510
0,237000	75,245730
0,443000	75,246354
0,653000	75,246354
0,860000	75,246198
1,071000	75,247445
1,293000	75,247757
1,499000	75,248069
1,705000	75,247445
1,911000	75,246977
2,119000	75,246977
2,326000	75,248069
2,537000	75,247133
2,743000	75,248537
2,954000	75,247757
3,161000	75,248537
3,380000	75,249005
3,586000	75,247133
3,800000	75,248069
4,006000	75,248069
4,221000	75,249161
4,427000	75,249629
4,633000	75,248381
4,843000	75,248225
5,054000	75,249005
5,261000	75,248693
5,467000	75,249161
5,674000	75,249005
5,900000	75,250097
6,106000	75,249473
6,312000	75,249473
6,524000	75,250721
6,730000	75,249785
6,937000	75,248849
7,143000	75,249629
7,362000	75,250097
7,568000	75,249005
7,779000	75,250409
7,986000	75,249941
8,192000	75,250877
8,406000	75,251500
8,612000	75,249941
8,823000	75,249941
9,030000	75,249785
9,236000	75,250409
9,442000	75,250253
9,655000	75,251032
9,862000	75,251188
10,074000	75,250721
10,281000	75,250253
10,488000	75,251032
10,695000	75,251188
10,901000	75,250409
11,109000	75,249941
11,316000	75,251500
11,522000	75,251812
11,732000	75,251656
11,939000	75,250721
12,157000	75,252124
12,411000	75,251500
12,619000	75,251188
12,847000	75,250721
13,065000	75,251344
13,271000	75,251968
13,502000	75,251500
13,710000	75,252124
13,922000	75,251500
14,129000	75,251656
14,340000	75,251968
14,550000	75,251500
14,790000	75,251188
15,020000	75,252280
15,227000	75,250877
15,507000	75,253216
15,715000	75,251812
15,921000	75,250721
16,128000	75,252280
16,336000	75,251968
16,617000	75,251344
16,825000	75,250877
17,032000	75,251812
17,239000	75,251500
17,463000	75,252124
17,670000	75,251500
17,896000	75,251500
18,105000	75,250721
18,312000	75,251812
18,521000	75,251500
18,728000	75,252280
18,935000	75,252436
19,209000	75,252592
19,425000	75,251812
19,633000	75,251188
19,840000	75,251500
20,046000	75,252592
20,276000	75,252592
20,506000	75,251812
20,789000	75,251344
21,001000	75,251656
21,208000	75,251656
21,420000	75,250565
21,627000	75,251032
21,834000	75,250565
22,041000	75,251500
22,247000	75,251344
22,454000	75,250877
22,664000	75,251500
22,871000	75,251032
23,082000	75,251968
23,290000	75,251500
23,496000	75,251188
23,706000	75,251656
23,918000	75,250097
24,124000	75,250721
24,337000	75,250097
24,543000	75,250097
24,757000	75,249473
24,965000	75,249941
25,191000	75,249941
25,404000	75,249473
25,610000	75,250097
25,821000	75,250253
26,028000	75,249161
26,235000	75,249785
26,441000	75,249629
26,648000	75,249005
26,860000	75,250253
27,067000	75,249473
27,274000	75,248693
27,486000	75,249629
27,692000	75,248225
27,917000	75,248693
28,123000	75,248537
28,334000	75,248225
28,540000	75,248693
28,749000	75,247601
28,960000	75,247913
29,167000	75,248069
29,374000	75,247913
29,581000	75,247133
29,789000	75,246821
30,003000	75,246821
30,210000	75,246977
30,424000	75,246665
30,630000	75,246198
30,842000	75,247133
31,049000	75,246821
31,285000	75,246821
31,491000	75,246665
31,703000	75,245730
31,910000	75,245262
32,119000	75,245886
32,326000	75,245418
32,534000	75,245418
32,740000	75,244638
32,952000	75,244950
33,161000	75,245418
33,373000	75,245262
33,580000	75,243234
33,848000	75,245730
34,061000	75,244170
34,267000	75,244326
34,475000	75,243078
34,681000	75,244326
34,888000	75,244014
35,101000	75,244638
35,308000	75,243546
35,515000	75,243234
35,722000	75,243078
35,929000	75,243234
36,139000	75,243078
36,351000	75,242610
36,572000	75,242142
36,779000	75,243390
36,986000	75,241519
37,194000	75,241675
37,401000	75,242142
37,617000	75,241363
37,824000	75,241675
38,034000	75,241051
38,241000	75,241051
38,448000	75,241051
38,656000	75,240583
38,880000	75,239647
39,094000	75,240427
39,306000	75,240739
39,513000	75,240583
39,719000	75,239491
39,930000	75,239959
40,137000	75,239179
40,348000	75,239647
40,556000	75,239647
40,803000	75,239335
41,011000	75,238555
41,217000	75,238399
41,453000	75,238555
41,665000	75,238087
41,874000	75,236840
42,081000	75,236996
42,298000	75,237308
42,506000	75,236840
42,727000	75,237152
42,935000	75,238243
43,149000	75,237620
43,357000	75,236372
43,568000	75,237775
43,776000	75,236372
43,998000	75,235124
44,214000	75,235904
44,422000	75,235592
44,629000	75,236216
44,837000	75,236216
45,046000	75,235280
45,253000	75,235436
45,468000	75,234500
45,677000	75,234188
45,884000	75,234656
46,091000	75,234344
46,303000	75,233408
46,511000	75,233408
46,717000	75,233253
46,924000	75,234032
47,136000	75,233097
47,343000	75,233564
47,555000	75,233876
47,778000	75,233564
47,989000	75,233876
48,197000	75,233097
48,404000	75,232941
48,611000	75,232317
48,822000	75,232941
49,031000	75,232161
49,239000	75,233253
49,452000	75,232629
49,659000	75,232473
49,943000	75,231693
50,157000	75,232473
50,367000	75,232161
50,574000	75,231381
50,787000	75,231381
50,993000	75,230289
51,200000	75,231693
51,412000	75,230913
51,619000	75,231537
51,830000	75,231381
52,038000	75,229977
52,244000	75,229977
52,457000	75,231225
52,665000	75,231225
52,877000	75,231069
53,084000	75,230913
53,291000	75,230601
53,498000	75,231381
53,705000	75,229041
53,911000	75,230289
54,118000	75,229821
54,325000	75,229353
54,532000	75,230133
54,738000	75,229977
54,946000	75,229509
55,170000	75,229665
55,381000	75,229821
55,588000	75,229821
55,800000	75,229041
56,008000	75,229041
56,216000	75,229509
56,428000	75,229353
56,635000	75,229509
56,847000	75,229353
57,055000	75,228262
57,262000	75,228730
57,475000	75,228886
57,682000	75,228730
57,893000	75,228574
58,100000	75,229665
58,307000	75,229197
58,513000	75,229353
58,725000	75,229041
58,940000	75,229977
59,146000	75,228574
59,362000	75,228886
59,574000	75,228886
59,782000	75,230133
59,995000	75,227794
60,202000	75,228106
60,411000	75,228886
60,618000	75,228886
60,830000	75,229509
61,037000	75,229041
61,263000	75,229041
61,476000	75,229041
61,683000	75,229353
61,896000	75,229509
62,103000	75,228574
62,310000	75,229041
62,516000	75,228106
62,723000	75,230133
62,931000	75,229041
63,138000	75,228886
63,345000	75,229197
63,552000	75,228886
63,761000	75,228262
63,973000	75,229509
64,180000	75,227794
64,388000	75,228418
64,600000	75,228574
64,819000	75,229041
65,026000	75,226702
65,241000	75,227326
65,448000	75,228418
65,661000	75,228262
65,868000	75,228418
66,082000	75,228886
66,290000	75,227950
66,502000	75,227638
66,709000	75,227482
66,920000	75,227014
67,127000	75,227950
67,337000	75,227638
67,544000	75,226234
67,756000	75,228418
67,964000	75,227950
68,176000	75,227638
68,386000	75,226858
68,594000	75,227170
68,806000	75,227014
69,013000	75,227638
69,220000	75,226858
69,442000	75,227950
69,649000	75,226546
69,857000	75,226546
70,064000	75,226858
70,277000	75,227170
70,485000	75,227482
70,697000	75,227014
70,913000	75,226702
71,130000	75,227014
71,337000	75,227170
71,549000	75,227014
71,757000	75,226702
71,964000	75,226858
72,176000	75,227014
72,384000	75,226234
72,596000	75,226702
72,802000	75,226390
73,013000	75,226546
73,226000	75,226702
73,435000	75,226858
73,642000	75,227326
73,855000	75,226702
74,063000	75,225454
74,270000	75,226390
74,478000	75,226858
74,685000	75,226702
74,902000	75,224986
75,109000	75,226078
75,320000	75,226546
75,542000	75,225922
75,749000	75,225610
75,962000	75,225454
76,169000	75,225298
76,382000	75,225922
76,590000	75,224675
76,803000	75,224830
77,011000	75,226234
77,227000	75,225298
77,434000	75,225454
77,648000	75,225766
77,855000	75,223895
78,064000	75,225298
78,271000	75,224207
78,478000	75,224675
78,690000	75,225454
78,898000	75,225610
79,105000	75,225922
79,312000	75,225142
79,521000	75,226234
79,727000	75,225610
79,938000	75,223583
80,146000	75,224830
80,359000	75,224675
80,586000	75,224675
80,799000	75,224519
81,006000	75,224675
81,231000	75,224519
81,439000	75,224363
81,646000	75,223115
81,853000	75,224051
82,067000	75,225298
82,274000	75,224363
82,487000	75,223583
82,694000	75,223895
82,906000	75,224207
83,124000	75,223739
83,335000	75,224051
83,544000	75,223427
83,751000	75,224519
83,958000	75,224207
84,165000	75,223115
84,379000	75,223427
84,587000	75,223427
84,800000	75,224519
85,008000	75,222803
85,220000	75,223271
85,427000	75,222335
85,649000	75,224207
85,856000	75,223115
86,064000	75,223115
86,284000	75,223895
86,491000	75,222647
86,698000	75,223739
86,906000	75,223271
87,114000	75,222959
87,321000	75,223115
87,529000	75,224207
87,736000	75,224675
87,943000	75,224363
88,150000	75,223583
88,363000	75,224830
88,571000	75,222959
88,779000	75,225142
88,992000	75,224519
89,202000	75,224675
89,415000	75,224207
89,622000	75,224986
89,836000	75,223427
90,043000	75,225766
90,255000	75,224363
90,463000	75,226078
90,670000	75,225454
90,878000	75,225454
91,085000	75,226234
91,293000	75,226702
91,505000	75,226078
91,715000	75,227014
91,922000	75,227794
92,129000	75,227482
92,336000	75,226858
92,543000	75,227950
92,751000	75,227950
92,964000	75,227950
93,171000	75,229041
93,383000	75,228574
93,591000	75,228730
93,798000	75,228106
94,014000	75,229353
94,222000	75,229509
94,432000	75,229353
94,640000	75,229353
94,848000	75,230601
95,056000	75,231381
95,263000	75,229665
95,476000	75,231381
95,689000	75,231069
95,896000	75,231225
96,102000	75,231225
96,313000	75,231381
96,520000	75,232317
96,727000	75,232161
96,940000	75,233253
97,147000	75,233876
97,355000	75,233253
97,570000	75,232473
97,778000	75,233720
97,991000	75,234032
98,199000	75,233097
98,406000	75,234032
98,614000	75,234656
98,826000	75,234656
99,039000	75,234656
99,246000	75,234656
99,460000	75,234500
99,668000	75,235592
99,876000	75,235592
100,083000	75,235280
100,291000	75,235592
100,504000	75,236684
100,712000	75,235436
100,918000	75,235436
101,130000	75,236840
101,337000	75,235904
101,546000	75,237464
101,753000	75,236060
101,960000	75,236840
102,173000	75,237931
102,397000	75,237152
102,610000	75,237931
102,817000	75,237464
103,030000	75,238399
103,237000	75,238399
103,445000	75,239647
103,652000	75,239023
103,861000	75,238867
104,074000	75,238711
104,282000	75,238555
104,489000	75,239647
104,697000	75,240427
104,905000	75,239491
105,119000	75,240115
105,326000	75,239803
105,538000	75,239959
105,746000	75,240583
105,954000	75,239179
106,168000	75,240271
106,375000	75,240739
106,588000	75,240583
106,795000	75,240739
107,002000	75,239803
107,211000	75,241207
107,419000	75,241207
107,632000	75,241831
107,840000	75,241675
108,047000	75,242454
108,260000	75,242298
108,472000	75,242922
108,680000	75,242922
108,888000	75,242142
109,096000	75,243546
109,303000	75,243234
109,530000	75,242454
109,737000	75,243858
109,945000	75,243702
110,152000	75,244482
110,366000	75,242766
110,573000	75,244014
110,781000	75,243858
111,018000	75,244014
111,226000	75,244014
111,434000	75,244638
111,642000	75,244014
111,849000	75,244950
112,057000	75,244638
112,271000	75,244326
112,480000	75,244638
112,693000	75,243702
112,901000	75,245106
113,107000	75,245886
113,315000	75,245418
113,524000	75,245574
113,731000	75,245106
113,938000	75,244950
114,152000	75,245574
114,359000	75,245574
114,584000	75,244326
114,792000	75,246042
115,005000	75,245262
115,214000	75,245730
115,426000	75,245730
115,633000	75,246354
115,841000	75,245418
116,048000	75,246510
116,255000	75,246354
116,469000	75,246354
116,679000	75,247133
116,893000	75,245574
117,116000	75,245886
117,329000	75,246977
117,536000	75,245886
117,749000	75,246665
117,957000	75,246198
118,164000	75,247601
118,371000	75,246042
118,578000	75,245886
118,786000	75,245574
